X = [-1.  2. -3.  6. -3.  2. -1.]

y_1 =  [-1.  2. -3.  6. -3.  2. -1.]
y_2 =  [ 0.  0.  0. -1.  2. -3.  6. -3.  2. -1.]
y_3 =  [-0.4        1.64      -2.544      4.3824    -5.44704    1.621184    -1.7515264]
